Last login: Thu Sep 26 16:16:28 on ttys000
-bash: /Users/pavanghuge/.profile: No such file or directory
(base) PAVANs-MacBook-Pro:~ pavanghuge$ cd downloads
(base) PAVANs-MacBook-Pro:downloads pavanghuge$ cd ML
(base) PAVANs-MacBook-Pro:ML pavanghuge$ cd Assignment1
(base) PAVANs-MacBook-Pro:Assignment1 pavanghuge$ python Assignment1_final.py /Users/pavanghuge/Downloads/ML/Assignment1/breast_cancer.data /Users/pavanghuge/Downloads/ML/Assignment1/breast_cancer.trainlabels.1
Mean of 0= [17.535578947368425, 21.570894736842096, 115.72794736842108, 987.73, 0.10274394736842106, 0.14325615789473675, 0.1587364736842106, 0.08792810526315792, 0.19201736842105266, 0.06282205263157893, 0.6210394736842106, 1.2169315789473683, 4.39144210526316, 74.5057894736842, 0.007295631578947372, 0.032391052631578945, 0.04169557894736844, 0.015600842105263156, 0.020840736842105266, 0.004545736842105263, 21.25673684210526, 29.279052631578935, 141.97584210526315, 1440.6542105263154, 0.1443145789473684, 0.3686753157894735, 0.44342726315789455, 0.1822389473684211, 0.32171315789473676, 0.09111868421052631]
Mean of 1= [12.064130841121498, 17.88221183800622, 77.53694704049843, 456.22647975077876, 0.09263679127725859, 0.08031514018691589, 0.04675520249221186, 0.025654112149532712, 0.17458193146417447, 0.06329881619937698, 0.2839, 1.223765109034267, 2.004587850467292, 20.948616822429898, 0.007544890965732094, 0.022078785046728982, 0.026984579439252344, 0.010242772585669777, 0.02093806853582555, 0.0040057632398753885, 13.296012461059203, 23.48598130841122, 86.48077881619943, 551.4691588785049, 0.1251541744548286, 0.18284940809968836, 0.1681878816199377, 0.07401429906542056, 0.2699903426791279, 0.07990071651090341]
Variance of 0= [1987.1154021052632, 2683.444126842106, 91769.90468894737, 26576918.29499998, 0.02814504961315793, 0.5053809712742104, 0.99544898227421, 0.21892095997052646, 0.13780732636842097, 0.010663520225789471, 23.756117388684196, 46.58018728631575, 1298.75913528421, 763062.9047894737, 0.0016993565900000004, 0.06492696451578948, 0.08533280167578942, 0.005998798286315789, 0.017433391265263172, 0.0008851540152631579, 3607.535124210526, 5507.14784, 168900.0977836842, 71199274.6324737, 0.08485702030578945, 5.441984212688948, 6.014512327808421, 0.40117044426315795, 1.0490505886842107, 0.0860455342131579]
Variance of 1= [968.3212526728972, 4915.133771962622, 42534.71759750779, 5405052.56021807, 0.05898564925046726, 0.3699250748560747, 0.6431899947102806, 0.07821655760186917, 0.20249640149532716, 0.015122104790031156, 4.09432352, 106.72321729102806, 191.8602062527102, 24271.26938923365, 0.003001050414330218, 0.09150668883551386, 0.3790375866560743, 0.010971630549532709, 0.014940417309657323, 0.0030278644859813085, 1201.3445104423674, 9380.299112149532, 56247.085861059146, 8077790.16850467, 0.12859220149719633, 2.7247526746074744, 6.696070294883491, 0.3974876512803737, 0.5380298085981313, 0.06247098443738321]
Standard deviation of 0= [3.233960747495784, 3.7581099160714078, 21.97724956319332, 374.0033654154801, 0.012170942447865417, 0.05157421689964506, 0.07238235399504676, 0.033944301123933075, 0.02693142621044291, 0.007491581319190885, 0.3535989207881557, 0.49513521431452784, 2.614493143275133, 63.37286920696857, 0.0029906491022237266, 0.01848569354589046, 0.021192451694411016, 0.005618952087316352, 0.00957886688861507, 0.0021584034246382913, 4.357410580784084, 5.383770856154536, 29.815229046110346, 612.1544122045029, 0.021133288819922474, 0.1692395408054722, 0.1779194425606627, 0.04595022732107781, 0.07430557777052565, 0.021280771431055574]
standard deviation of 1= [1.7368296148818172, 3.9130478165794025, 11.51116451118005, 129.7619742818623, 0.013555659949560638, 0.03394723204349013, 0.04476278754311619, 0.015609781820363256, 0.025116327581881794, 0.0068636259161326645, 0.1129376019378142, 0.576603054018546, 0.7731075905601056, 8.695483374666871, 0.003057624357456143, 0.016883944043551414, 0.034362806210232244, 0.0058463265750572195, 0.0068222691316637074, 0.0030712537578001567, 1.9345558309494029, 5.405748386132395, 13.237241651694495, 158.63308404490252, 0.020014963366397753, 0.09213211214945556, 0.14443002482617018, 0.03518919276536192, 0.0409402652987937, 0.013950399947078104]
Predicted lables for row ID
0 11
0 28
0 31
0 57
1 59
1 66
0 78
0 89
0 105
0 108
0 117
1 123
1 124
1 137
1 139
1 163
0 167
0 181
0 184
0 197
1 206
0 208
1 220
1 243
0 259
1 278
0 291
1 292
1 308
1 312
1 314
1 316
1 334
0 353
1 356
1 362
0 375
0 400
0 408
0 432
1 436
0 451
1 457
1 470
1 471
1 473
0 479
0 491
1 494
1 496
0 501
0 508
1 513
1 523
1 526
0 535
0 536
1 543
(base) PAVANs-MacBook-Pro:Assignment1 pavanghuge$ cd Assignment1
-bash: cd: Assignment1: No such file or directory
(base) PAVANs-MacBook-Pro:Assignment1 pavanghuge$ python Assignment1_final.py /Users/pavanghuge/Downloads/ML/Assignment1/breast_cancer.data /Users/pavanghuge/Downloads/ML/Assignment1/breast_cancer.trainlabels.0
Mean of 0= [17.465263157894736, 21.5847894736842, 115.35000000000005, 978.2315789473682, 0.103389, 0.1453287368421052, 0.16098710526315793, 0.08850326315789475, 0.19315842105263162, 0.06312363157894733, 0.6175031578947371, 1.2111747368421049, 4.364089473684213, 73.83421052631579, 0.007425578947368427, 0.03291626315789474, 0.042394210526315805, 0.015776947368421054, 0.02091368421052632, 0.004584842105263157, 21.174421052631587, 29.220473684210518, 141.4732105263158, 1427.5894736842106, 0.14567521052631577, 0.37497689473684204, 0.4510241052631578, 0.18312568421052636, 0.32348368421052615, 0.09185242105263158]
Mean of 1= [12.163663551401873, 17.977071651090334, 78.17984423676009, 464.2277258566978, 0.09248196261682246, 0.08002429906542056, 0.0461670404984424, 0.02585398753894082, 0.17437196261682245, 0.06308000000000005, 0.28572461059190035, 1.2247738317757004, 2.009479127725858, 21.340672897196242, 0.0074188785046729, 0.021718442367601253, 0.02639221183800624, 0.010237570093457937, 0.02085676012461061, 0.0039438317757009315, 13.393102803738328, 23.58118380062305, 87.11015576323992, 560.248909657321, 0.12480523364485975, 0.1816263551401868, 0.16502280373831774, 0.07483769470404984, 0.2698186915887851, 0.07947981308411216]
Variance of 0= [1878.5433894736839, 2829.786699473684, 86513.9618, 24791246.446842108, 0.02856465211, 0.49184394126526315, 0.969396750760526, 0.20095411280842118, 0.13876030573684214, 0.01079426731, 23.57372376968421, 44.757264146105264, 1285.1663873736843, 761632.4030736841, 0.0017174520757894753, 0.05502944727842106, 0.08094126013684214, 0.005830624503157895, 0.016502401063157902, 0.00081506676631579, 3418.3857705263167, 5809.996152105264, 159594.53178368427, 67552498.34684208, 0.0914858646468421, 5.113692086815261, 5.922182951050528, 0.3905717797031577, 1.052114936263157, 0.08729067509684214]
Variance of 1= [1020.3818843738314, 5206.579661682243, 44972.96406105918, 5862539.878785049, 0.05688744298691589, 0.36154476808037395, 0.6348861581881619, 0.07940511860373835, 0.1991068801869158, 0.014560061000000006, 4.211067917694702, 113.71905362654203, 195.50614313570082, 26085.193819233635, 0.0026315868971962626, 0.088644235894704, 0.3714101406971963, 0.010778928923364487, 0.014262832055451728, 0.0029576489420560736, 1241.5146261682241, 9884.587786915885, 58390.895523364474, 8551003.801900312, 0.1284035961364486, 2.679040204663552, 6.472360627024301, 0.4103052492348909, 0.5343152461682243, 0.060008390205607456]
Standard deviation of 0= [3.1443712361796794, 3.8592245604209445, 21.338618536649264, 361.2204928531377, 0.01226133248318297, 0.050878800324386124, 0.07142890284679938, 0.03252158091648498, 0.027024385258779867, 0.007537369117306536, 0.35223888253110136, 0.4853499233927993, 2.600775580044582, 63.31343929312838, 0.003006529802201128, 0.017018480246086213, 0.020639928107897304, 0.005539629715517234, 0.00931958917751599, 0.0020711892926221346, 4.241639312270866, 5.529821617045481, 28.982256984474617, 596.2713014923487, 0.021943211952055997, 0.1640553835690102, 0.17654853143795196, 0.045339176721750175, 0.07441402443735981, 0.021434192445083006]
standard deviation of 1= [1.7829076713067502, 4.02739051191447, 11.836498290415141, 135.14201459340703, 0.013312379522736362, 0.03356050787345011, 0.044472896229372574, 0.0157279359970772, 0.024905233481898933, 0.006734867889043264, 0.11453642060021227, 0.5952016167389558, 0.7804187372219914, 9.01455966984668, 0.0028632306966813316, 0.01661776963327954, 0.0340153044489005, 0.005794757788708335, 0.006665770669256063, 0.0030354340105779665, 1.9666333696174563, 5.549153842745259, 13.487145781035084, 163.21348328926535, 0.02000028007097114, 0.09135600495148867, 0.14199689157916184, 0.0357520558733916, 0.04079869455214931, 0.013672674411490974]
Predicted lables for row ID
0 1
0 10
0 33
0 36
1 40
1 48
0 53
0 54
1 61
0 64
1 74
1 76
0 78
0 81
1 84
0 99
0 105
1 107
1 110
1 111
1 113
1 116
0 132
0 151
1 179
0 180
1 185
0 190
1 195
0 208
1 209
1 224
1 231
1 263
1 273
0 277
1 314
1 319
1 324
0 335
1 348
1 354
1 356
0 369
1 403
1 411
1 438
1 472
1 475
1 478
1 481
1 482
0 512
1 518
0 535
1 554
0 563
0 567
(base) PAVANs-MacBook-Pro:Assignment1 pavanghuge$ cd Assignment1
-bash: cd: Assignment1: No such file or directory
(base) PAVANs-MacBook-Pro:Assignment1 pavanghuge$ python Assignment1_final.py /Users/pavanghuge/Downloads/ML/Assignment1/breast_cancer.data /Users/pavanghuge/Downloads/ML/Assignment1/breast_cancer.trainlabels.0
Mean of 0= [17.465263157894736, 21.5847894736842, 115.35000000000005, 978.2315789473682, 0.103389, 0.1453287368421052, 0.16098710526315793, 0.08850326315789475, 0.19315842105263162, 0.06312363157894733, 0.6175031578947371, 1.2111747368421049, 4.364089473684213, 73.83421052631579, 0.007425578947368427, 0.03291626315789474, 0.042394210526315805, 0.015776947368421054, 0.02091368421052632, 0.004584842105263157, 21.174421052631587, 29.220473684210518, 141.4732105263158, 1427.5894736842106, 0.14567521052631577, 0.37497689473684204, 0.4510241052631578, 0.18312568421052636, 0.32348368421052615, 0.09185242105263158]
Mean of 1= [12.163663551401873, 17.977071651090334, 78.17984423676009, 464.2277258566978, 0.09248196261682246, 0.08002429906542056, 0.0461670404984424, 0.02585398753894082, 0.17437196261682245, 0.06308000000000005, 0.28572461059190035, 1.2247738317757004, 2.009479127725858, 21.340672897196242, 0.0074188785046729, 0.021718442367601253, 0.02639221183800624, 0.010237570093457937, 0.02085676012461061, 0.0039438317757009315, 13.393102803738328, 23.58118380062305, 87.11015576323992, 560.248909657321, 0.12480523364485975, 0.1816263551401868, 0.16502280373831774, 0.07483769470404984, 0.2698186915887851, 0.07947981308411216]
Variance of 0= [1878.5433894736839, 2829.786699473684, 86513.9618, 24791246.446842108, 0.02856465211, 0.49184394126526315, 0.969396750760526, 0.20095411280842118, 0.13876030573684214, 0.01079426731, 23.57372376968421, 44.757264146105264, 1285.1663873736843, 761632.4030736841, 0.0017174520757894753, 0.05502944727842106, 0.08094126013684214, 0.005830624503157895, 0.016502401063157902, 0.00081506676631579, 3418.3857705263167, 5809.996152105264, 159594.53178368427, 67552498.34684208, 0.0914858646468421, 5.113692086815261, 5.922182951050528, 0.3905717797031577, 1.052114936263157, 0.08729067509684214]
Variance of 1= [1020.3818843738314, 5206.579661682243, 44972.96406105918, 5862539.878785049, 0.05688744298691589, 0.36154476808037395, 0.6348861581881619, 0.07940511860373835, 0.1991068801869158, 0.014560061000000006, 4.211067917694702, 113.71905362654203, 195.50614313570082, 26085.193819233635, 0.0026315868971962626, 0.088644235894704, 0.3714101406971963, 0.010778928923364487, 0.014262832055451728, 0.0029576489420560736, 1241.5146261682241, 9884.587786915885, 58390.895523364474, 8551003.801900312, 0.1284035961364486, 2.679040204663552, 6.472360627024301, 0.4103052492348909, 0.5343152461682243, 0.060008390205607456]
Standard deviation of 0= [3.1443712361796794, 3.8592245604209445, 21.338618536649264, 361.2204928531377, 0.01226133248318297, 0.050878800324386124, 0.07142890284679938, 0.03252158091648498, 0.027024385258779867, 0.007537369117306536, 0.35223888253110136, 0.4853499233927993, 2.600775580044582, 63.31343929312838, 0.003006529802201128, 0.017018480246086213, 0.020639928107897304, 0.005539629715517234, 0.00931958917751599, 0.0020711892926221346, 4.241639312270866, 5.529821617045481, 28.982256984474617, 596.2713014923487, 0.021943211952055997, 0.1640553835690102, 0.17654853143795196, 0.045339176721750175, 0.07441402443735981, 0.021434192445083006]
standard deviation of 1= [1.7829076713067502, 4.02739051191447, 11.836498290415141, 135.14201459340703, 0.013312379522736362, 0.03356050787345011, 0.044472896229372574, 0.0157279359970772, 0.024905233481898933, 0.006734867889043264, 0.11453642060021227, 0.5952016167389558, 0.7804187372219914, 9.01455966984668, 0.0028632306966813316, 0.01661776963327954, 0.0340153044489005, 0.005794757788708335, 0.006665770669256063, 0.0030354340105779665, 1.9666333696174563, 5.549153842745259, 13.487145781035084, 163.21348328926535, 0.02000028007097114, 0.09135600495148867, 0.14199689157916184, 0.0357520558733916, 0.04079869455214931, 0.013672674411490974]
Predicted lables for row ID
0 1
0 10
0 33
0 36
1 40
1 48
0 53
0 54
1 61
0 64
1 74
1 76
0 78
0 81
1 84
0 99
0 105
1 107
1 110
1 111
1 113
1 116
0 132
0 151
1 179
0 180
1 185
0 190
1 195
0 208
1 209
1 224
1 231
1 263
1 273
0 277
1 314
1 319
1 324
0 335
1 348
1 354
1 356
0 369
1 403
1 411
1 438
1 472
1 475
1 478
1 481
1 482
0 512
1 518
0 535
1 554
0 563
0 567
(base) PAVANs-MacBook-Pro:Assignment1 pavanghuge$ 
